1749914316688 0.8807644787288847 0
1749915309346 0.7676821338602574 1
1749916293173 0.7278520329952638 2
1749917287986 0.6926404144630496 3
1749918281810 0.6579737660032366 4
1749919285441 0.6192079344787693 5
1749920277570 0.5778916759249959 6
1749921278954 0.5380988240540775 7
1749922281218 0.5020772504029716 8
1749923278184 0.4721059684665779 9
1749924312981 0.4474953520317922 10
1749925338486 0.42646380696280756 11
1749926364135 0.40611248483932705 12
1749927395514 0.39005220663378215 13
1749928419789 0.37207566292562777 14
1749929446180 0.35788894934562615 15
1749930485604 0.34085865575219554 16
1749931497912 0.3281632039630622 17
1749932529340 0.31067984006558247 18
1749933560834 0.3046688197574321 19
