1748583949295 0.0 0
1748584231590 1.0 1
1748584523815 2.0 2
1748584791696 3.0 3
1748585119376 4.0 4
1748585417398 5.0 5
1748585685899 6.0 6
1748585953794 7.0 7
1748586226009 8.0 8
1748586492540 9.0 9
1748586888622 10.0 10
1748587247865 11.0 11
1748587627331 12.0 12
1748588113658 13.0 13
1748588477432 14.0 14
1748588840848 15.0 15
1748589201693 16.0 16
1748589554385 17.0 17
1748589891864 18.0 18
1748590184544 19.0 19
1748590478801 20.0 20
1748590766070 21.0 21
1748591053764 22.0 22
1748591337336 23.0 23
1748591622095 24.0 24
1748591907334 25.0 25
1748592190939 26.0 26
1748592479043 27.0 27
1748592762295 28.0 28
1748593044506 29.0 29
1748593327322 30.0 30
1748593610216 31.0 31
1748593893082 32.0 32
1748594176036 33.0 33
1748594460810 34.0 34
1748594743071 35.0 35
1748595044378 36.0 36
1748595327861 37.0 37
1748595610802 38.0 38
1748595893936 39.0 39
1748596179214 40.0 40
