1748583949295 0.16463695879702048 0
1748584231590 0.10499867450089126 1
1748584523815 0.09818327363854262 2
1748584791696 0.09515639017844253 3
1748585119376 0.09300130567532074 4
1748585417398 0.09160312575460276 5
1748585685899 0.09053245316236747 6
1748585953794 0.0895860674386566 7
1748586226009 0.08879643481199885 8
1748586492540 0.08831241395000891 9
1748586888622 0.08770110393420094 10
1748587247865 0.08720920377624593 11
1748587627331 0.08695906555002145 12
1748588113658 0.08647118741127856 13
1748588477432 0.08606831782511985 14
1748588840848 0.08587629819301296 15
1748589201693 0.08544678680748079 16
1748589554385 0.0852373581553886 17
1748589891864 0.08510945480159238 18
1748590184544 0.08489540931177564 19
1748590478801 0.08467542015032672 20
1748590766070 0.08445558622313501 21
1748591053764 0.08432060962995071 22
1748591337336 0.0841586034919212 23
1748591622095 0.08396288931768031 24
1748591907334 0.08378214735894532 25
1748592190939 0.08366209635291173 26
1748592479043 0.08360403202026087 27
1748592762295 0.0835087608819815 28
1748593044506 0.08340667953138096 29
1748593327322 0.08329028146702357 30
1748593610216 0.08326209899046373 31
1748593893082 0.08308123435435157 32
1748594176036 0.08296800398149576 33
1748594460810 0.08292929353586549 34
1748594743071 0.08278259712962106 35
1748595044378 0.08277290083783241 36
1748595327861 0.08268156662616538 37
1748595610802 0.082577702993805 38
1748595893936 0.08253160548834068 39
1748596179214 0.0824755641293685 40
