1748817052141 0.07777206193166214 0
1748817307815 0.07310688480701638 1
1748817560915 0.06977754963234166 2
1748817814131 0.06656379947949093 3
1748818067006 0.06333364271672903 4
1748818323116 0.060090147780217144 5
1748818575855 0.056934589383198585 6
1748818833055 0.053914761116815306 7
1748819088333 0.05092211221998147 8
1748819343277 0.04820061173862498 9
1748819624959 0.045490801317787384 10
1748819902587 0.04311726521908042 11
1748820175031 0.04096519468323159 12
1748820448806 0.0390836214086659 13
1748820721502 0.037109892052040336 14
1748821000910 0.035302051573261654 15
1748821274874 0.033656435336229 16
1748821550182 0.03235299216546035 17
1748821828180 0.030841613723533456 18
1748822104297 0.029569788327760048 19
