1749897322943 0.8816345337040741 0
1749898319875 0.7680700079241493 1
1749899314792 0.7271542235424644 2
1749900309099 0.6907932355489548 3
1749901299888 0.6555098353720946 4
1749902297232 0.6152279005014807 5
1749903290509 0.5754139582963416 6
1749904282756 0.5339251727786977 7
1749905276371 0.4968381720776347 8
1749906272675 0.46796798579077376 9
1749907319597 0.44293985393212654 10
1749908345098 0.4184059027890514 11
1749909367586 0.40287897192445915 12
1749910391279 0.3874347868967574 13
1749911418112 0.3698691579582498 14
