1750146163276 1.2275025387455647 0
1750146767409 0.9982202814435999 1
1750147352129 0.966988105672344 2
1750147959505 0.9519155711657621 3
1750148623299 0.9435504042514683 4
1750149212572 0.9367302056641607 5
1750150307058 0.9306426732462451 6
1750150900451 0.9272336490769733 7
1750151417779 0.9234962322956937 8
1750151923300 0.9206678557117083 9
1750152466962 0.9178498848438661 10
1750153033450 0.9164648140681816 11
1750153594392 0.9154185880296113 12
1750154176374 0.9140525478169435 13
1750154715688 0.9125246095876447 14
1750155198735 0.9106213173571486 15
1750155683282 0.9098888228312072 16
